4
 4 -1  0 -1
-1  4 -1  0
 0 -1  4 -1
-1  0 -1  4

4
1 0.5 -0.1 0.1
0.2 1 -0.2 -0.1
-0.1 -0.7 1 0.2
0.1 0.3 0.2 1

3
2 1 3
0 -1 1
1 0 3

3
1 0 3
0 -1 1
2 1 3

3
3 0 1
1 -1 0
3 1 2

3
4 2 1
-1 2 0
2 1 1

3
-1 4 -3
-5 -3 8
-6 2 3

3
3 2 -1
2 -4 2
-1 1 5

3
4 -2 1
1 -5 -2
2 1 6

3
1 1 10
10 1 1
1 10 1

3
10 2 1
1 5 1 
2 3 10

3
5 1 1 
3 4 1 
3 3 6 

3
5 2 2
1 3 1
0 6 8

3
5 1 1
3 4 1
3 3 6

3
1 3 1
5 2 2
0 6 8

3
20 2 6
1 -20 9
2 -7 -20

3
10 2 6
1 -100 9
2 -7 -10

4
2 -1 3 5
4 -1 10 8
6 -3 12 11
0 -2 -5 10

3
3 -4 1
1 2 2
4 0 -3

3
1 4 52
27 110 -3
22 2 14

3
1 0.25 -0.05
0.1 1 -0.1
0 -0.2 1

3
30 3 0
2 20 2
6 3 30

3
1 1 1
1 2 4
1 5 25
 
3
25   5 1
64   8 1
144 12 1

17
-3  0  0  1  3  0  0  0  0  0  0  0  0  0  0  0  0
-3  0 -1  0 -3  0  0  0  0  0  0  0  0  0  0  0  0
 0 -1  0  0  0  1  0  0  0  0  0  0  0  0  0  0  0
 0  0  1  0  0  0  0  0  0  0  0  0  0  0  0  0  0
 0  0  0 -1  0  0  0  1  0  0  0  0  0  0  0  0  0
 0  0  0  0  0  0 -1  0  0  0  0  0  0  0  0  0  0
 0  0  0  0 -3 -1  0  0  3  1  0  0  0  0  0  0  0
 0  0  0  0  3  0  1  0  3  0  0  0  0  0  0  0  0
 0  0  0  0  0  0  0 -1 -3  0  0  1  3  0  0  0  0
 0  0  0  0  0  0  0  0 -3  0 -1  0 -3  0  0  0  0
 0  0  0  0  0  0  0  0  0 -1  0  0  0  1  0  0  0
 0  0  0  0  0  0  0  0  0  0  1  0  0  0  0  0  0
 0  0  0  0  0  0  0  0  0  0  0 -1  0  0  0  0  0
 0  0  0  0  0  0  0  0  0  0  0  0  0  0 -1 -3  0
 0  0  0  0  0  0  0  0  0  0  0  0 -3 -1  0  0  1
 0  0  0  0  0  0  0  0  0  0  0  0  3  0  1  0  0
 0  0  0  0  0  0  0  0  0  0  0  0  0  0  0 -3 -1

17
-3  0  0  1  3  0  0  0  0  0  0  0  0  0  0  0  0
 0 -1  0  0  0  1  0  0  0  0  0  0  0  0  0  0  0
 0  0  1  0  0  0  0  0  0  0  0  0  0  0  0  0  0
 0  0  0 -1  0  0  0  1  0  0  0  0  0  0  0  0  0
-3  0 -1  0 -3  0  0  0  0  0  0  0  0  0  0  0  0
 0  0  0  0 -3 -1  0  0  3  1  0  0  0  0  0  0  0
 0  0  0  0  0  0 -1  0  0  0  0  0  0  0  0  0  0
 0  0  0  0  0  0  0 -1 -3  0  0  1  3  0  0  0  0
 0  0  0  0  3  0  1  0  3  0  0  0  0  0  0  0  0
 0  0  0  0  0  0  0  0  0 -1  0  0  0  1  0  0  0
 0  0  0  0  0  0  0  0  0  0  1  0  0  0  0  0  0
 0  0  0  0  0  0  0  0  0  0  0 -1  0  0  0  0  0
 0  0  0  0  0  0  0  0 -3  0 -1  0 -3  0  0  0  0
 0  0  0  0  0  0  0  0  0  0  0  0 -3 -1  0  0  1
 0  0  0  0  0  0  0  0  0  0  0  0  3  0  1  0  0
 0  0  0  0  0  0  0  0  0  0  0  0  0  0 -1 -3  0
 0  0  0  0  0  0  0  0  0  0  0  0  0  0  0 -3 -1

17
-0.70711  0  0  1  0.70711  0  0  0  0        0  0  0  0        0  0  0        0
-0.70711  0 -1  0 -0.70711  0  0  0  0        0  0  0  0        0  0  0        0
 0       -1  0  0  0        1  0  0  0        0  0  0  0        0  0  0        0
 0        0  1  0  0        0  0  0  0        0  0  0  0        0  0  0        0
 0        0  0 -1  0        0  0  1  0        0  0  0  0        0  0  0        0
 0        0  0  0  0        0 -1  0  0        0  0  0  0        0  0  0        0
 0        0  0  0 -0.70711 -1  0  0  0.70711  1  0  0  0        0  0  0        0
 0        0  0  0  0.70711  0  1  0  0.70711  0  0  0  0        0  0  0        0
 0        0  0  0  0        0  0 -1 -0.70711  0  0  1  0.70711  0  0  0        0
 0        0  0  0  0        0  0  0 -0.70711  0 -1  0 -0.70711  0  0  0        0
 0        0  0  0  0        0  0  0  0       -1  0  0  0        1  0  0        0
 0        0  0  0  0        0  0  0  0        0  1  0  0        0  0  0        0
 0        0  0  0  0        0  0  0  0        0  0 -1  0        0  0  0        0
 0        0  0  0  0        0  0  0  0        0  0  0  0        0 -1 -0.70711  0
 0        0  0  0  0        0  0  0  0        0  0  0 -0.70711 -1  0  0        1
 0        0  0  0  0        0  0  0  0        0  0  0  0.70711  0  1  0        0
 0        0  0  0  0        0  0  0  0        0  0  0  0        0  0 -0.70711 -1

17
-0.70711  0  0  1  0.70711  0  0  0  0        0  0  0  0        0  0  0        0
 0       -1  0  0  0        1  0  0  0        0  0  0  0        0  0  0        0
 0        0  1  0  0        0  0  0  0        0  0  0  0        0  0  0        0
 0        0  0 -1  0        0  0  1  0        0  0  0  0        0  0  0        0
-0.70711  0 -1  0 -0.70711  0  0  0  0        0  0  0  0        0  0  0        0
 0        0  0  0 -0.70711 -1  0  0  0.70711  1  0  0  0        0  0  0        0
 0        0  0  0  0        0 -1  0  0        0  0  0  0        0  0  0        0
 0        0  0  0  0        0  0 -1 -0.70711  0  0  1  0.70711  0  0  0        0
 0        0  0  0  0.70711  0  1  0  0.70711  0  0  0  0        0  0  0        0
 0        0  0  0  0        0  0  0  0       -1  0  0  0        1  0  0        0
 0        0  0  0  0        0  0  0  0        0  1  0  0        0  0  0        0
 0        0  0  0  0        0  0  0  0        0  0 -1  0        0  0  0        0
 0        0  0  0  0        0  0  0 -0.70711  0 -1  0 -0.70711  0  0  0        0
 0        0  0  0  0        0  0  0  0        0  0  0 -0.70711 -1  0  0        1
 0        0  0  0  0        0  0  0  0        0  0  0  0.70711  0  1  0        0
 0        0  0  0  0        0  0  0  0        0  0  0  0        0 -1 -0.70711  0
 0        0  0  0  0        0  0  0  0        0  0  0  0        0  0 -0.70711 -1

10
2  1  7  4 -3 -1  4  4  7  0
4  2  2  3 -2  0  3  3  4  1
3  4  4  2  1 -2  2  1  9 -3
9  3  5  1  0  5  6 -5 -3  4
1  6  3  4  8  3 -5  0 -6  0
1  9  8  0  3  9  9  0  0  5
4  1  9  0  4  3  7 -4  1  3
6  3  1  1  6  8  3  3  0  2
6  5  0 -7  7 -7  6  2 -6  1
2  0  7  0 -5  7  1  0  1  6

10
 4 -1  0 -1  0  0  0  0  0  0
-1  4 -1  0 -1  0  0  0  0  0
 0 -1  4  0  0 -1  0  0  0  0
-1  0  0  4 -1  0  0  0  0  0
 0 -1  0 -1  4 -1 -1  0  0  0
 0  0 -1  0 -1  4  0 -1  0  0
 0  0  0  0 -1  0  4 -1  0  0
 0  0  0  0  0 -1 -1  4 -1  0
 0  0  0  0  0  0  0 -1  4 -1
 0  0  0  0  0  0  0  0 -1  4
